Річка:Черв'яки:Карась;1;5;0.2;0.1
Річка:Черв'яки:Окунь;5;10;0.6;0.2
Річка:Черв'яки:Лящ;2;8;0.3;0.15
Річка:Черв'яки:Плотва;1;4;0.1;0.05
Річка:Черв'яки:Сом;10;30;0.7;0.3
Річка:Черв'яки:Щука;8;20;0.5;0.25
Річка:Черв'яки:Линь;3;7;0.4;0.2
Річка:Черв'яки:Судак;6;15;0.5;0.25
Річка:Кукурудза:Карась;1;5;0.2;0.1
Річка:Кукурудза:Плотва;1;4;0.1;0.05
Річка:Кукурудза:Лящ;2;8;0.3;0.15
Річка:Кукурудза:Линь;3;7;0.4;0.2
Озеро:Черв'яки:Карась;1;5;0.2;0.1
Озеро:Черв'яки:Окунь;5;10;0.6;0.2
Озеро:Черв'яки:Лящ;2;8;0.3;0.15
Озеро:Черв'яки:Плотва;1;4;0.1;0.05
Озеро:Черв'яки:Сом;10;30;0.7;0.3
Озеро:Черв'яки:Щука;8;20;0.5;0.25
Озеро:Черв'яки:Линь;3;7;0.4;0.2
Озеро:Черв'яки:Судак;6;15;0.5;0.25
Озеро:Кукурудза:Карась;1;5;0.2;0.1
Озеро:Кукурудза:Плотва;1;4;0.1;0.05
Озеро:Кукурудза:Лящ;2;8;0.3;0.15
Озеро:Кукурудза:Линь;3;7;0.4;0.2